Magnesio
0.66
0.69
0.69
0.69
0.69
0.7
0.71
0.72
0.72
0.72
0.73
0.73
0.73
0.73
0.74
0.74
0.74
0.74
0.74
0.74
0.75
0.75
0.75
0.75
0.76
0.76
0.76
0.77
0.77
0.77
0.77
0.77
0.77
0.77
0.77
0.77
0.78
0.78
0.78
0.78
0.78
0.78
0.78
0.78
0.78
0.79
0.79
0.79
0.79
0.79
0.79
0.79
0.79
0.8
0.8
0.8
0.8
0.8
0.8
0.8
0.8
0.8
0.8
0.8
0.8
0.8
0.8
0.8
0.81
0.81
0.81
0.81
0.81
0.82
0.82
0.82
0.82
0.82
0.82
0.82
0.82
0.82
0.82
0.83
0.83
0.83
0.83
0.83
0.83
0.83
0.83
0.83
0.84
0.84
0.84
0.84
0.84
0.84
0.84
0.84
0.84
0.85
0.85
0.85
0.85
0.85
0.85
0.85
0.85
0.85
0.85
0.86
0.86
0.86
0.86
0.86
0.86
0.86
0.87
0.87
0.87
0.87
0.87
0.88
0.88
0.88
0.88
0.88
0.89
0.89
0.9
0.9
0.9
0.9
0.91
0.92
0.92
0.93
0.94
0.95
